mport matplotlib.pyplot as plt
import numpy as np

wind_speeds = [0.4, 1.0, 0.7, 0.4, 0.4, 
            0.4, 0.8, 0.7, 0.4, 0.4, 
            0.3, 0.8, 0.7, 0.4, 0.3,
            0.3, 0.7, 0.7, 1.1, 0.3, 
            0.7, 1.7, 0.4, 1.1, 0.3, 
            1.3, 1.3, 0.1, 2.0, 1.3, 
            1.3, 1.3, 0.1, 2.0, 1.3, 
            1.0, 0.8, 0.2, 1.7, 1.3, 
            1.0, 0.2, 1.3, 1.7, 1.3,
            0.8, 0.7, 1.3, 1.7, 1.0,
            0.8, 0.7, 0.8, 1.7, 1.1, 
            0.8, 1.5, 0.8, 1.3, 1.1,
            1.1, 1.0, 0.5, 1.3, 0.7, 
            0.8, 1.0, 0.5, 1.3, 0.7, 
            1.1, 1.0, 0.5, 1.0, 0.8,
            0.8, 1.0, 0.5, 1.0, 0.8,
            0.8, 1.2, 0.5, 0.6, 0.8,
            0.5, 1.2, 1.0, 0.6, 1.1,
            0.7, 0.8, 0.9, 0.6, 1.5, 
            0.7, 1.1, 0.9, 1.3, 1.5, 
            0.2, 1.1, 0.5, 1.3, 0.7, 
            0.2, 0.7, 0.5, 1.2, 0.7]


plt.hist(wind_speeds, bins=10, edgecolor='black')
plt.xlabel('Wind Speed (m/s)')
plt.ylabel('Frequency')
plt.title('Wind Speed Histogram')
plt.grid(True)

plt.show(hist)
